   4.0000000000000000     
   4.0000000000000000     
   4.0000000000000000     
   4.0000000000000000     
   4.0000000000000000     
   4.0000000000000000     
   4.0000000000000000     
   4.0000000000000000     
   4.0000000000000000     
   4.0000000000000000     
   4.0000000000000000     
   4.0000000000000000     
   4.0000000000000000     
   4.0000000000000000     
   4.0000000000000000     
   4.0000000000000000     
   4.0000000000000000     
   3.7777777777777777     
   3.7894736842105261     
   3.6000000000000001     
   3.4285714285714284     
   3.2727272727272729     
   3.3043478260869565     
   3.3333333333333335     
   3.3599999999999999     
   3.3846153846153846     
   3.4074074074074074     
   3.4285714285714284     
   3.4482758620689653     
   3.4666666666666668     
   3.4838709677419355     
   3.5000000000000000     
   3.3939393939393940     
   3.4117647058823528     
   3.4285714285714284     
   3.4444444444444446     
   3.4594594594594597     
   3.4736842105263159     
   3.3846153846153846     
   3.3999999999999999     
   3.4146341463414633     
   3.4285714285714284     
   3.4418604651162790     
   3.4545454545454546     
   3.4666666666666668     
   3.4782608695652173     
   3.4893617021276597     
   3.5000000000000000     
   3.5102040816326530     
   3.4399999999999999     
   3.4509803921568629     
   3.3846153846153846     
   3.3962264150943398     
   3.4074074074074074     
   3.4181818181818180     
   3.3571428571428572     
   3.3684210526315788     
   3.3793103448275863     
   3.3898305084745761     
   3.3999999999999999     
   3.4098360655737703     
   3.4193548387096775     
   3.4285714285714284     
   3.4375000000000000     
   3.4461538461538463     
   3.4545454545454546     
   3.4626865671641789     
   3.4705882352941178     
   3.4782608695652173     
   3.4857142857142858     
   3.4929577464788730     
   3.5000000000000000     
   3.5068493150684930     
   3.5135135135135136     
   3.5200000000000000     
   3.5263157894736841     
   3.5324675324675323     
   3.5384615384615383     
   3.5443037974683542     
   3.5499999999999998     
   3.5061728395061729     
   3.5121951219512195     
   3.5180722891566263     
   3.4761904761904763     
   3.4823529411764707     
   3.4883720930232558     
   3.4482758620689653     
   3.4545454545454546     
   3.4606741573033708     
   3.4666666666666668     
   3.4725274725274726     
   3.4782608695652173     
   3.4838709677419355     
   3.4893617021276597     
   3.4526315789473685     
   3.4583333333333335     
   3.4226804123711339     
   3.4285714285714284     
   3.4343434343434343     
   3.4399999999999999     
   3.4455445544554455     
   3.4509803921568629     
   3.4563106796116503     
   3.4615384615384617     
   3.4666666666666668     
   3.4716981132075473     
   3.4392523364485981     
   3.4444444444444446     
   3.4495412844036699     
   3.4545454545454546     
   3.4594594594594597     
   3.4642857142857144     
   3.4690265486725664     
   3.4736842105263159     
   3.4782608695652173     
   3.4482758620689653     
   3.4188034188034186     
   3.3898305084745761     
   3.3949579831932772     
   3.3999999999999999     
   3.4049586776859506     
   3.4098360655737703     
   3.4146341463414633     
   3.3870967741935485     
   3.3599999999999999     
   3.3650793650793651     
   3.3700787401574801     
   3.3750000000000000     
   3.3798449612403099     
   3.3846153846153846     
   3.3587786259541983     
   3.3636363636363638     
   3.3383458646616542     
   3.3432835820895521     
   3.3185185185185184     
   3.2941176470588234     
   3.2700729927007299     
   3.2753623188405796     
   3.2517985611510793     
   3.2571428571428571     
   3.2624113475177303     
   3.2394366197183100     
   3.2167832167832167     
   3.2222222222222223     
   3.2275862068965515     
   3.2328767123287672     
   3.2380952380952381     
   3.2432432432432434     
   3.2483221476510069     
   3.2533333333333334     
   3.2582781456953644     
   3.2631578947368420     
   3.2679738562091503     
   3.2467532467532467     
   3.2258064516129030     
   3.2307692307692308     
   3.2356687898089174     
   3.2405063291139240     
   3.2452830188679247     
   3.2500000000000000     
   3.2546583850931676     
   3.2592592592592591     
   3.2392638036809815     
   3.2439024390243905     
   3.2484848484848485     
   3.2289156626506026     
   3.2335329341317367     
   3.2142857142857144     
   3.1952662721893490     
   3.2000000000000002     
   3.2046783625730995     
   3.2093023255813953     
   3.1907514450867054     
   3.1954022988505746     
   3.2000000000000002     
   3.2045454545454546     
   3.2090395480225991     
   3.2134831460674156     
   3.2178770949720672     
   3.2222222222222223     
   3.2265193370165748     
   3.2087912087912089     
   3.2131147540983607     
   3.2173913043478262     
   3.2216216216216216     
   3.2258064516129030     
   3.2299465240641712     
   3.2340425531914891     
   3.2380952380952381     
   3.2421052631578946     
   3.2460732984293195     
   3.2500000000000000     
   3.2331606217616580     
   3.2371134020618557     
   3.2410256410256411     
   3.2448979591836733     
   3.2487309644670050     
   3.2525252525252526     
   3.2562814070351758     
   3.2599999999999998     
   3.2636815920398008     
   3.2673267326732671     
   3.2709359605911330     
   3.2745098039215685     
   3.2780487804878047     
   3.2815533980582523     
   3.2850241545893719     
   3.2884615384615383     
   3.2727272727272729     
   3.2761904761904761     
   3.2606635071090047     
   3.2641509433962264     
   3.2488262910798120     
   3.2523364485981308     
   3.2372093023255815     
   3.2222222222222223     
   3.2258064516129030     
   3.2293577981651378     
   3.2328767123287672     
   3.2181818181818183     
   3.2217194570135748     
   3.2072072072072073     
   3.2107623318385650     
   3.2142857142857144     
   3.2177777777777776     
   3.2212389380530975     
   3.2246696035242293     
   3.2280701754385963     
   3.2314410480349345     
   3.2347826086956522     
   3.2207792207792210     
   3.2241379310344827     
   3.2274678111587982     
   3.2307692307692308     
   3.2340425531914891     
   3.2372881355932202     
   3.2405063291139240     
   3.2436974789915967     
   3.2468619246861925     
   3.2500000000000000     
   3.2531120331950207     
   3.2561983471074378     
   3.2592592592592591     
   3.2459016393442623     
   3.2489795918367346     
   3.2520325203252032     
   3.2550607287449393     
   3.2580645161290325     
   3.2610441767068274     
   3.2480000000000002     
   3.2509960159362552     
   3.2380952380952381     
   3.2252964426877471     
   3.2283464566929134     
   3.2313725490196079     
   3.2343750000000000     
   3.2373540856031129     
   3.2403100775193798     
   3.2432432432432434     
   3.2307692307692308     
   3.2337164750957856     
   3.2213740458015265     
   3.2243346007604563     
   3.2272727272727271     
   3.2301886792452832     
   3.2330827067669174     
   3.2359550561797752     
   3.2238805970149254     
   3.2267657992565058     
   3.2296296296296299     
   3.2324723247232474     
   3.2205882352941178     
   3.2234432234432235     
   3.2262773722627736     
   3.2290909090909090     
   3.2318840579710146     
   3.2202166064981950     
   3.2230215827338129     
   3.2258064516129030     
   3.2285714285714286     
   3.2313167259786475     
   3.2340425531914891     
   3.2367491166077738     
   3.2394366197183100     
   3.2280701754385963     
   3.2307692307692308     
   3.2334494773519165     
   3.2361111111111112     
   3.2387543252595155     
   3.2275862068965515     
   3.2164948453608249     
   3.2191780821917808     
   3.2218430034129693     
   3.2108843537414966     
   3.2135593220338983     
   3.2162162162162162     
   3.2188552188552189     
   3.2080536912751678     
   3.2107023411371238     
   3.2133333333333334     
   3.2159468438538208     
   3.2052980132450331     
   3.2079207920792081     
   3.2105263157894739     
   3.2131147540983607     
   3.2026143790849675     
   3.2052117263843649     
   3.2077922077922079     
   3.2103559870550162     
   3.2000000000000002     
   3.1897106109324760     
   3.1923076923076925     
   3.1948881789137382     
   3.1847133757961785     
   3.1873015873015871     
   3.1898734177215191     
   3.1924290220820191     
   3.1949685534591197     
   3.1974921630094042     
   3.1875000000000000     
   3.1775700934579438     
   3.1801242236024843     
   3.1826625386996903     
   3.1728395061728394     
   3.1753846153846155     
   3.1656441717791410     
   3.1559633027522938     
   3.1463414634146343     
   3.1489361702127661     
   3.1515151515151514     
   3.1419939577039275     
   3.1445783132530121     
   3.1471471471471473     
   3.1497005988023954     
   3.1522388059701494     
   3.1428571428571428     
   3.1454005934718099     
   3.1479289940828403     
   3.1504424778761062     
   3.1411764705882352     
   3.1436950146627565     
   3.1461988304093569     
   3.1486880466472305     
   3.1511627906976742     
   3.1536231884057973     
   3.1560693641618496     
   3.1585014409221901     
   3.1494252873563218     
   3.1518624641833810     
   3.1428571428571428     
   3.1452991452991452     
   3.1477272727272729     
   3.1388101983002832     
   3.1412429378531073     
   3.1436619718309857     
   3.1460674157303372     
   3.1484593837535013     
   3.1508379888268156     
   3.1532033426183843     
   3.1555555555555554     
   3.1578947368421053     
   3.1602209944751380     
   3.1625344352617080     
   3.1648351648351647     
   3.1671232876712327     
   3.1693989071038251     
   3.1716621253405997     
   3.1739130434782608     
   3.1653116531165311     
   3.1675675675675676     
   3.1698113207547172     
   3.1612903225806450     
   3.1635388739946380     
   3.1657754010695189     
   3.1680000000000001     
   3.1702127659574466     
   3.1724137931034484     
   3.1746031746031744     
   3.1767810026385224     
   3.1789473684210527     
   3.1811023622047245     
   3.1832460732984291     
   3.1853785900783289     
   3.1875000000000000     
   3.1896103896103898     
   3.1917098445595853     
   3.1937984496124030     
   3.1958762886597940     
   3.1979434447300772     
   3.2000000000000002     
   3.1918158567774935     
   3.1836734693877551     
   3.1755725190839694     
   3.1776649746192893     
   3.1797468354430380     
   3.1818181818181817     
   3.1838790931989926     
   3.1758793969849246     
   3.1779448621553885     
   3.1699999999999999     
   3.1720698254364090     
   3.1741293532338308     
   3.1662531017369728     
   3.1683168316831685     
   3.1703703703703705     
   3.1724137931034484     
   3.1744471744471743     
   3.1764705882352939     
   3.1784841075794623     
   3.1804878048780489     
   3.1824817518248176     
   3.1844660194174756     
   3.1864406779661016     
   3.1884057971014492     
   3.1903614457831324     
   3.1923076923076925     
   3.1942446043165469     
   3.1866028708133971     
   3.1789976133651550     
   3.1714285714285713     
   3.1733966745843230     
   3.1753554502369670     
   3.1773049645390072     
   3.1792452830188678     
   3.1717647058823530     
   3.1737089201877935     
   3.1662763466042154     
   3.1682242990654204     
   3.1701631701631703     
   3.1720930232558140     
   3.1647331786542923     
   3.1666666666666665     
   3.1685912240184759     
   3.1705069124423964     
   3.1724137931034484     
   3.1651376146788990     
   3.1578947368421053     
   3.1506849315068495     
   3.1526195899772209     
   3.1454545454545455     
   3.1383219954648527     
   3.1402714932126696     
   3.1331828442437923     
   3.1351351351351351     
   3.1370786516853935     
   3.1390134529147984     
   3.1409395973154361     
   3.1428571428571428     
   3.1447661469933186     
   3.1466666666666665     
   3.1485587583148558     
   3.1504424778761062     
   3.1434878587196469     
   3.1365638766519823     
   3.1384615384615384     
   3.1403508771929824     
   3.1422319474835887     
   3.1441048034934496     
   3.1459694989106755     
   3.1478260869565218     
   3.1496746203904555     
   3.1428571428571428     
   3.1447084233261338     
   3.1465517241379310     
   3.1483870967741936     
   3.1502145922746783     
   3.1520342612419698     
   3.1538461538461537     
   3.1556503198294243     
   3.1574468085106382     
   3.1592356687898091     
   3.1610169491525424     
   3.1627906976744184     
   3.1645569620253164     
   3.1663157894736842     
   3.1596638655462184     
   3.1614255765199162     
   3.1631799163179917     
   3.1565762004175366     
   3.1583333333333332     
   3.1600831600831603     
   3.1618257261410787     
   3.1635610766045548     
   3.1652892561983470     
   3.1587628865979380     
   3.1604938271604937     
   3.1622176591375770     
   3.1639344262295084     
   3.1656441717791410     
   3.1591836734693879     
   3.1608961303462322     
   3.1626016260162602     
   3.1643002028397564     
   3.1578947368421053     
   3.1595959595959595     
   3.1532258064516130     
   3.1468812877263583     
   3.1485943775100402     
   3.1503006012024048     
   3.1520000000000001     
   3.1457085828343314     
   3.1394422310756971     
   3.1411530815109345     
   3.1428571428571428     
   3.1445544554455447     
   3.1462450592885376     
   3.1479289940828403     
   3.1496062992125986     
   3.1512770137524559     
   3.1450980392156862     
   3.1467710371819959     
   3.1484375000000000     
   3.1500974658869394     
   3.1517509727626458     
   3.1533980582524270     
   3.1550387596899223     
   3.1566731141199225     
   3.1583011583011582     
   3.1599229287090558     
   3.1538461538461537     
   3.1477927063339730     
   3.1494252873563218     
   3.1510516252390057     
   3.1526717557251906     
   3.1542857142857144     
   3.1558935361216731     
   3.1574952561669831     
   3.1590909090909092     
   3.1606805293005671     
   3.1622641509433964     
   3.1638418079096047     
   3.1654135338345863     
   3.1669793621013134     
   3.1685393258426968     
   3.1700934579439251     
   3.1716417910447761     
   3.1731843575418996     
   3.1747211895910779     
   3.1762523191094618     
   3.1777777777777776     
   3.1792975970425137     
   3.1808118081180812     
   3.1823204419889501     
   3.1838235294117645     
   3.1853211009174314     
   3.1868131868131866     
   3.1882998171846437     
   3.1897810218978102     
   3.1912568306010929     
   3.1927272727272729     
   3.1941923774954626     
   3.1956521739130435     
   3.1971066907775767     
   3.1985559566787005     
   3.2000000000000002     
   3.2014388489208634     
   3.2028725314183122     
   3.2043010752688170     
   3.2057245080500896     
   3.2000000000000002     
   3.2014260249554369     
   3.2028469750889679     
   3.2042628774422734     
   3.2056737588652484     
   3.2070796460176991     
   3.2014134275618376     
   3.2028218694885360     
   3.2042253521126760     
   3.2056239015817223     
   3.2070175438596493     
   3.2014010507880912     
   3.2027972027972029     
   3.2041884816753927     
   3.2055749128919859     
   3.2069565217391305     
   3.2083333333333335     
   3.2097053726169844     
   3.2110726643598615     
   3.2124352331606216     
   3.2137931034482761     
   3.2082616179001722     
   3.2096219931271479     
   3.2109777015437393     
   3.2123287671232879     
   3.2136752136752138     
   3.2150170648464163     
   3.2163543441226574     
   3.2176870748299318     
   3.2122241086587437     
   3.2135593220338983     
   3.2148900169204739     
   3.2162162162162162     
   3.2175379426644182     
   3.2121212121212119     
   3.2134453781512606     
   3.2147651006711411     
   3.2093802345058626     
   3.2040133779264215     
   3.2053422370617697     
   3.2000000000000002     
   3.2013311148086521     
   3.2026578073089702     
   3.2039800995024876     
   3.1986754966887418     
   3.2000000000000002     
   3.1947194719471947     
   3.1960461285008237     
   3.1973684210526314     
   3.1986863711001643     
   3.2000000000000002     
   3.2013093289689034     
   3.2026143790849675     
   3.1973898858075041     
   3.1986970684039089     
   3.2000000000000002     
   3.2012987012987013     
   3.1961102106969204     
   3.1909385113268609     
   3.1922455573505655     
   3.1935483870967740     
   3.1948470209339774     
   3.1961414790996785     
   3.1974317817014448     
   3.1923076923076925     
   3.1936000000000000     
   3.1948881789137382     
   3.1961722488038276     
   3.1974522292993632     
   3.1923688394276630     
   3.1936507936507939     
   3.1885895404120443     
   3.1898734177215191     
   3.1848341232227488     
   3.1861198738170349     
   3.1874015748031495     
   3.1823899371069184     
   3.1773940345368916     
   3.1786833855799372     
   3.1799687010954618     
   3.1812499999999999     
   3.1825273010920436     
   3.1838006230529596     
   3.1850699844479005     
   3.1863354037267082     
   3.1875968992248063     
   3.1826625386996903     
   3.1839258114374034     
   3.1790123456790123     
   3.1741140215716488     
   3.1753846153846155     
   3.1766513056835639     
   3.1779141104294477     
   3.1730474732006124     
   3.1743119266055047     
   3.1694656488549620     
   3.1707317073170733     
   3.1719939117199392     
   3.1732522796352582     
   3.1745068285280729     
   3.1696969696969699     
   3.1709531013615733     
   3.1722054380664653     
   3.1674208144796379     
   3.1686746987951806     
   3.1699248120300751     
   3.1711711711711712     
   3.1724137931034484     
   3.1736526946107784     
   3.1748878923766815     
   3.1761194029850746     
   3.1773472429210132     
   3.1785714285714284     
   3.1797919762258542     
   3.1810089020771515     
   3.1822222222222223     
   3.1775147928994083     
   3.1787296898079762     
   3.1799410029498527     
   3.1811487481590572     
   3.1823529411764704     
   3.1776798825256973     
   3.1788856304985336     
   3.1800878477306003     
   3.1812865497076022     
   3.1766423357664233     
   3.1720116618075802     
   3.1732168850072782     
   3.1744186046511627     
   3.1698113207547172     
   3.1652173913043478     
   3.1664254703328512     
   3.1676300578034682     
   3.1688311688311690     
   3.1642651296829971     
   3.1654676258992804     
   3.1666666666666665     
   3.1678622668579628     
   3.1690544412607449     
   3.1702432045779685     
   3.1714285714285713     
   3.1726105563480740     
   3.1680911680911681     
   3.1692745376955904     
   3.1704545454545454     
   3.1716312056737590     
   3.1728045325779037     
   3.1739745403111739     
   3.1751412429378529     
   3.1763046544428772     
   3.1774647887323946     
   3.1786216596343180     
   3.1797752808988764     
   3.1809256661991583     
   3.1764705882352939     
   3.1776223776223778     
   3.1787709497206702     
   3.1799163179916317     
   3.1810584958217270     
   3.1821974965229485     
   3.1777777777777776     
   3.1789181692094313     
   3.1745152354570636     
   3.1756569847856153     
   3.1767955801104972     
   3.1779310344827585     
   3.1790633608815426     
   3.1801925722145805     
   3.1813186813186811     
   3.1769547325102883     
   3.1780821917808217     
   3.1792065663474691     
   3.1803278688524590     
   3.1814461118690316     
   3.1825613079019073     
   3.1836734693877551     
   3.1847826086956523     
   3.1858887381275443     
   3.1869918699186992     
   3.1880920162381599     
   3.1837837837837837     
   3.1848852901484479     
   3.1859838274932613     
   3.1870794078061913     
   3.1881720430107525     
   3.1838926174496645     
   3.1849865951742626     
   3.1860776439089693     
   3.1871657754010694     
   3.1882510013351135     
   3.1893333333333334     
   3.1904127829560585     
   3.1861702127659575     
   3.1872509960159361     
   3.1883289124668437     
   3.1894039735099340     
   3.1904761904761907     
   3.1915455746367241     
   3.1926121372031662     
   3.1936758893280635     
   3.1947368421052631     
   3.1957950065703020     
   3.1968503937007875     
   3.1979030144167759     
   3.1989528795811517     
   3.2000000000000002     
   3.2010443864229763     
   3.2020860495436767     
   3.2031250000000000     
   3.2041612483745125     
   3.2000000000000002     
   3.2010376134889755     
   3.2020725388601035     
   3.2031047865459250     
   3.2041343669250648     
   3.2051612903225806     
   3.2010309278350517     
   3.2020592020592020     
   3.2030848329048842     
   3.2041078305519899     
   3.2051282051282053     
   3.2010243277848911     
   3.2020460358056266     
   3.2030651340996168     
   3.1989795918367347     
   3.2000000000000002     
   3.1959287531806617     
   3.1969504447268107     
   3.1928934010152283     
   3.1888466413181242     
   3.1898734177215191     
   3.1908975979772438     
   3.1919191919191920     
   3.1929382093316518     
   3.1939546599496222     
   3.1899371069182392     
   3.1909547738693469     
   3.1919698870765369     
   3.1929824561403510     
   3.1939924906132666     
   3.1949999999999998     
   3.1960049937578026     
   3.1920199501246884     
   3.1930261519302614     
   3.1890547263681590     
   3.1850931677018632     
   3.1811414392059554     
   3.1771995043370507     
   3.1782178217821784     
   3.1792336217552535     
   3.1802469135802469     
   3.1812577065351419     
   3.1822660098522166     
   3.1832718327183271     
   3.1842751842751844     
   3.1852760736196317     
   3.1813725490196076     
   3.1823745410036719     
   3.1833740831295843     
   3.1794871794871793     
   3.1804878048780489     
   3.1814859926918393     
   3.1824817518248176     
   3.1786148238153098     
   3.1796116504854370     
   3.1806060606060607     
   3.1815980629539951     
   3.1825876662636032     
   3.1835748792270531     
   3.1797346200241257     
   3.1807228915662651     
   3.1768953068592056     
   3.1730769230769229     
   3.1740696278511407     
   3.1750599520383691     
   3.1760479041916168     
   3.1770334928229667     
   3.1780167264038233     
   3.1789976133651550     
   3.1752085816448155     
   3.1761904761904760     
   3.1771700356718191     
   3.1781472684085510     
   3.1743772241992882     
   3.1753554502369670     
   3.1763313609467456     
   3.1773049645390072     
   3.1782762691853601     
   3.1792452830188678     
   3.1755005889281507     
   3.1764705882352939     
   3.1774383078730906     
   3.1784037558685445     
   3.1793669402110201     
   3.1756440281030445     
   3.1766081871345029     
   3.1728971962616823     
   3.1738623103850641     
   3.1748251748251750     
   3.1757857974388823     
   3.1767441860465118     
   3.1777003484320558     
   3.1786542923433876     
   3.1796060254924683     
   3.1805555555555554     
   3.1815028901734106     
   3.1778290993071594     
   3.1787773933102654     
   3.1797235023041477     
   3.1806674338319909     
   3.1816091954022987     
   3.1825487944890929     
   3.1834862385321099     
   3.1844215349369986     
   3.1853546910755148     
   3.1862857142857144     
   3.1872146118721463     
   3.1881413911060434     
   3.1890660592255125     
   3.1899886234357222     
   3.1863636363636365     
   3.1872871736662884     
   3.1882086167800452     
   3.1891279728199322     
   3.1900452488687785     
   3.1909604519774013     
   3.1918735891647856     
   3.1927846674182638     
   3.1936936936936937     
   3.1946006749156357     
   3.1955056179775281     
   3.1964085297418632     
   3.1973094170403589     
   3.1982082866741322     
   3.1991051454138701     
   3.2000000000000002     
   3.2008928571428572     
   3.1973244147157192     
   3.1982182628062361     
   3.1991101223581757     
   3.2000000000000002     
   3.2008879023307437     
   3.2017738359201773     
   3.2026578073089702     
   3.2035398230088497     
   3.2044198895027622     
   3.2052980132450331     
   3.2061742006615215     
   3.2070484581497798     
   3.2079207920792081     
   3.2043956043956046     
   3.2052689352360044     
   3.2061403508771931     
   3.2026286966046000     
   3.2035010940919038     
   3.2043715846994534     
   3.2008733624454146     
   3.2017448200654308     
   3.2026143790849675     
   3.2034820457018500     
   3.2043478260869565     
   3.2052117263843649     
   3.2060737527114966     
   3.2069339111592634     
   3.2034632034632033     
   3.2043243243243245     
   3.2051835853131752     
   3.2060409924487594     
   3.2068965517241379     
   3.2077502691065662     
   3.2086021505376343     
   3.2094522019334049     
   3.2103004291845494     
   3.2111468381564845     
   3.2119914346895073     
   3.2085561497326203     
   3.2094017094017095     
   3.2102454642475986     
   3.2068230277185501     
   3.2076677316293929     
   3.2085106382978723     
   3.2093517534537725     
   3.2101910828025479     
   3.2110286320254509     
   3.2118644067796609     
   3.2126984126984128     
   3.2093023255813953     
   3.2101372756071807     
   3.2109704641350212     
   3.2118018967334034     
   3.2126315789473683     
   3.2134595162986330     
   3.2142857142857144     
   3.2151101783840503     
   3.2159329140461215     
   3.2167539267015708     
   3.2175732217573221     
   3.2183908045977012     
   3.2192066805845512     
   3.2158498435870699     
   3.2166666666666668     
   3.2174817898022892     
   3.2182952182952183     
   3.2149532710280373     
   3.2157676348547719     
   3.2165803108808291     
   3.2173913043478262     
   3.2182006204756979     
   3.2148760330578514     
   3.2156862745098040     
   3.2164948453608249     
   3.2173017507723998     
   3.2181069958847734     
   3.2189105858170608     
   3.2197125256673513     
   3.2205128205128206     
   3.2213114754098360     
   3.2221084953940635     
   3.2229038854805725     
   3.2196118488253318     
   3.2163265306122448     
   3.2171253822629970     
   3.2138492871690429     
   3.2146490335707019     
   3.2154471544715446     
   3.2162436548223350     
   3.2170385395537524     
   3.2178318135764945     
   3.2186234817813766     
   3.2194135490394338     
   3.2202020202020201     
   3.2209889001009082     
   3.2217741935483870     
   3.2225579053373616     
   3.2233400402414487     
   3.2201005025125626     
   3.2208835341365463     
   3.2216649949849550     
   3.2224448897795592     
   3.2232232232232234     
   3.2200000000000002     
