   4.0000000000000000     
   4.0000000000000000     
   4.0000000000000000     
   4.0000000000000000     
   4.0000000000000000     
   4.0000000000000000     
   4.0000000000000000     
   4.0000000000000000     
   4.0000000000000000     
   4.0000000000000000     
   4.0000000000000000     
   4.0000000000000000     
   4.0000000000000000     
   4.0000000000000000     
   4.0000000000000000     
   4.0000000000000000     
   4.0000000000000000     
   3.7777777777777777     
   3.7894736842105261     
   3.6000000000000001     
   3.4285714285714284     
   3.2727272727272729     
   3.3043478260869565     
   3.3333333333333335     
   3.3599999999999999     
   3.3846153846153846     
   3.4074074074074074     
   3.4285714285714284     
   3.4482758620689653     
   3.4666666666666668     
   3.4838709677419355     
   3.5000000000000000     
   3.3939393939393940     
   3.4117647058823528     
   3.4285714285714284     
   3.4444444444444446     
   3.4594594594594597     
   3.4736842105263159     
   3.3846153846153846     
   3.3999999999999999     
   3.4146341463414633     
   3.4285714285714284     
   3.4418604651162790     
   3.4545454545454546     
   3.4666666666666668     
   3.4782608695652173     
   3.4893617021276597     
   3.5000000000000000     
   3.5102040816326530     
   3.4399999999999999     
   3.4509803921568629     
   3.3846153846153846     
   3.3962264150943398     
   3.4074074074074074     
   3.4181818181818180     
   3.3571428571428572     
   3.3684210526315788     
   3.3793103448275863     
   3.3898305084745761     
   3.3999999999999999     
   3.4098360655737703     
   3.4193548387096775     
   3.4285714285714284     
   3.4375000000000000     
   3.4461538461538463     
   3.4545454545454546     
   3.4626865671641789     
   3.4705882352941178     
   3.4782608695652173     
   3.4857142857142858     
   3.4929577464788730     
   3.5000000000000000     
   3.5068493150684930     
   3.5135135135135136     
   3.5200000000000000     
   3.5263157894736841     
   3.5324675324675323     
   3.5384615384615383     
   3.5443037974683542     
   3.5499999999999998     
   3.5061728395061729     
   3.5121951219512195     
   3.5180722891566263     
   3.4761904761904763     
   3.4823529411764707     
   3.4883720930232558     
   3.4482758620689653     
   3.4545454545454546     
   3.4606741573033708     
   3.4666666666666668     
   3.4725274725274726     
   3.4782608695652173     
   3.4838709677419355     
   3.4893617021276597     
   3.4526315789473685     
   3.4583333333333335     
   3.4226804123711339     
   3.4285714285714284     
   3.4343434343434343     
   3.4399999999999999     
